30830
94459
28383
16026
6441
15219
3046
23906
13911
96712
54861
78455
13169
34251
69207
95594
79244
70570
8736
8597
30934
57236
55482
29407
84131
60693
81946
79235
50495
11745
40742
68495
46376
48684
35120
4123
36894
69647
43702
7185
25690
61663
13381
60425
31801
2831
87241
74882
62949
77560
76132
69523
34297
89004
99727
14208
10374
23167
78215
20711
55379
25113
75455
27439
65613
75990
64123
68534
18474
50898
9725
46679
94894
54299
29566
16624
95220
26994
1004
34970
94412
81035
68850
67368
69998
27521
13954
62988
33473
1684
6373
95467
20819
1004
42568
34152
22186
44214
37633
72722
