80.34560152746506
36.54412512707952
93.96014423886403
63.5359469694497
99.52115598120716
1.585273305739221
95.05374171668781
7.0825030418310675
7.6757158094939
94.54949870964838
53.88400943027046
20.118504345274268
39.60440458659895
44.156028159901965
73.40587523976359
50.55911304633965
99.73106091118028
9.354641743118897
44.78692296231868
54.79157518054073
98.3096771840723
4.027829868631805
42.19837203554921
22.95259807651513
54.904304252638994
88.52464295961435
20.500100941185718
57.19361872892714
13.932857564525957
42.65805730963799
44.029774051539526
90.57871869152187
70.49517841175735
68.34176509724811
44.244438964512376
11.372599180669585
29.040366983037423
3.2192530873161207
20.73603503877216
45.95006354089851
6.624133694695855
7.43131992296423
63.368783269291775
80.12693280994252
46.23947310480959
91.8870968406199
37.327194223234216
49.66318540727982
30.83796134302511
95.01959658327964
58.74275467776998
73.7742079813057
87.5870947017652
49.2186503202013
20.049763873537586
74.52522535500502
47.37735708542159
50.24593020176907
59.34660044114647
43.210316536722274
56.483647169915216
69.59358227728497
57.39738050831351
58.9770710084266
84.05086960512497
93.23453534140943
60.828924090158864
97.71664960735784
7.170283743346451
59.917910100808015
29.864796318630017
71.45482110660333
48.49486557275517
73.34470228782591
13.280463450539203
25.59324279001194
21.204874852138143
8.224239518432675
9.732383477100747
79.92657954661931
56.45792334972115
60.210942216793285
76.37567353584636
34.5596804474109
13.774822710571677
24.124549453361897
93.83886750515543
85.29530077289795
94.23257407584951
25.2968237719273
55.31087610480919
92.97621649697356
43.332229607262406
41.36119408698562
66.94390031796715
89.28719399302614
14.158402443625329
1.4277264122222522
34.81972737976704
29.54961161970695
87.64649258606354
34.849898374469525
67.92631681989036
89.32655619219965
12.035854766511688
59.44255999367556
62.989892420492666
82.81751401898767
61.26403166398327
70.79425946582948
78.96760925659395
99.83056653096524
79.29559523393168
5.846089022138945
95.37858446188797
0.5135626895167333
81.61804959530858
63.850876470276084
37.020083009135654
96.70202318536829
65.85773241046117
17.17574109721283
38.51242129683501
83.64080852984621
41.284209268153816
73.14102656249749
68.33492496091095
73.57553725172681
71.45713464337554
82.83207226434625
88.99663287958721
43.827317362334675
7.471518152232182
34.03744304161106
98.15585385582666
25.672363249345164
17.27668393159626
34.762655428310595
63.620639436104874
53.038023445124516
57.89617064689008
21.42349842817054
20.25459210785633
96.88750950676761
89.90576215675824
88.55108749969311
95.8718963482639
87.66589798138237
67.83094050097833
90.078120243429
78.36242948835638
51.139651454042124
86.28096273782684
68.4029816865307
35.22371160727553
65.85715345236648
29.40693145330001
71.9458714688736
67.4973011401609
7.616065172537045
43.88639755157301
66.2706805336924
44.52950552392198
98.78991929826913
48.441994677192405
67.66480589314821
57.8763918983441
28.215705028966177
2.4080959166249527
64.88225672002478
15.551307948750647
84.14009862360649
44.33605472077651
92.72959789158386
87.92221109395803
60.4458041899261
67.9833182845727
5.217119356601707
47.555802798130244
34.8573528927723
62.03592445310675
23.01036755377591
40.02118981350763
75.56467117680694
94.6696937615939
67.00724195269517
26.1637726230861
24.710720082187
64.23745042566925
83.96506195162176
83.40284626273625
4.556942419449117
68.79252501691819
2.5195953244934843
92.16598854189034
34.223008717806614
86.52953304279302
41.66827919125882
6.94064369535452
50.65900911507358
30.198371663039747
79.84208816255408
36.87926774399322
67.40343189405311
44.41845869909741
53.19400349910632
5.636082887098814
83.58058686031661
43.69285528526614
10.868955032153805
28.18914851704003
58.071719429308445
5.160469566396964
6.363012377323463
54.95817673444675
31.99989109504623
48.82803900289071
33.27990192530326
33.80762470413773
82.51087754380576
66.50463457406795
24.014266860442348
57.41480945439026
34.46563183205475
79.47136682089237
79.1394371352044
3.071061341094372
63.2056439323884
63.31468331941842
76.33639268004768
39.39116352666964
77.21478540372279
64.16809627066166
78.04074320013153
34.85721638127003
75.55294984755429
88.82572340585064
62.217111312738446
34.876894973515704
38.741431408016844
8.069312444384934
34.09994463637669
69.1261693558277
21.71521023778469
0.3131128620244006
25.48513847024646
63.543967493446274
44.76443998971853
99.6344494263073
77.81876752595022
